WRDATA - TR:0 SEC: 0 Len:1322
138 87 355 480 480 481 479 477 477 480 89 352 477 480 481 477 
480 481 481 88 349 480 481 480 481 480 481 481 88 351 481 478 
481 481 481 481 479 89 349 481 478 479 480 481 481 481 480 480 
481 480 479 480 479 480 85 348 87 355 479 480 478 481 88 351 
88 355 479 480 481 87 348 88 353 476 480 480 88 352 87 352 
86 354 481 480 84 348 87 355 86 350 89 354 88 353 87 354 
88 354 89 354 89 353 87 355 479 479 89 351 481 88 348 481 
88 350 479 481 481 480 88 351 87 353 89 354 481 87 347 478 
479 89 349 479 481 88 348 481 480 477 480 88 348 481 481 479 
88 352 479 89 347 480 87 351 461 479 88 351 89 353 480 480 
480 88 347 481 480 88 349 87 354 480 477 481 88 352 479 480 
86 346 88 354 88 355 87 353 480 481 88 352 481 477 481 481 
480 480 478 89 348 481 481 480 480 481 481 481 88 350 481 480 
481 481 480 481 481 481 481 479 481 479 88 352 481 480 481 481 
481 480 479 479 89 352 88 263 88 355 479 87 343 481 481 86 
346 480 88 351 89 354 88 353 87 355 478 89 348 481 88 352 
87 354 88 354 89 354 89 353 480 481 88 351 481 86 343 88 
351 88 355 87 353 480 88 352 481 481 87 346 481 88 348 481 
88 347 479 480 480 480 88 351 89 353 89 354 478 87 344 478 
481 89 348 481 481 480 88 350 89 354 88 355 480 88 348 481 
477 88 349 477 480 481 481 87 348 481 480 89 347 89 350 88 
354 88 353 479 88 351 481 88 349 481 480 88 347 88 351 481 
88 352 480 88 348 481 87 351 479 480 478 479 88 352 481 480 
480 481 479 481 478 89 348 478 481 481 480 481 481 481 86 349 
481 481 481 481 481 480 481 481 479 479 481 478 88 352 481 480 
481 481 479 480 479 86 346 89 351 88 355 87 354 478 89 350 
480 481 86 350 479 87 347 89 354 88 355 88 354 480 89 352 
480 88 349 480 480 481 477 481 84 346 480 89 349 480 480 480 
88 351 88 353 86 352 34 313 477 85 345 481 87 347 480 87 
348 480 481 477 480 88 349 87 354 88 354 481 88 352 479 480 
88 351 481 87 348 480 481 89 349 88 354 478 88 351 480 481 
88 351 87 355 84 353 481 481 86 350 478 478 481 478 481 88 
349 480 87 350 481 481 88 351 480 89 349 87 354 481 88 351 
480 481 480 88 349 480 85 348 481 477 88 352 481 480 480 481 
481 479 480 89 348 481 479 480 480 481 481 479 88 351 481 481 
479 480 481 479 481 479 481 479 480 85 345 87 354 479 481 478 
481 88 349 481 88 350 87 354 89 353 87 354 88 351 480 88 
348 481 480 84 345 479 89 352 89 354 88 353 88 355 477 89 
348 477 88 352 480 480 480 480 481 481 480 86 346 481 480 88 
349 479 477 87 348 88 353 481 86 349 477 85 346 481 88 348 
480 480 480 481 88 350 88 352 89 353 480 87 344 480 480 87 
346 481 481 87 348 480 477 481 481 84 345 480 479 480 84 348 
480 85 343 481 88 351 481 480 89 352 88 352 481 481 480 89 
349 481 481 85 346 88 354 479 481 479 84 348 480 481 88 351 
87 355 88 354 88 354 481 481 88 351 88 355 480 477 480 88 
349 480 479 87 343 481 481 479 479 480 481 480 87 350 478 481 
481 479 480 480 481 480 480 480 88 351 88 353 479 481 481 479 
481 519 354 479 89 352 481 481 479 479 481 481 481 479 480 481 
480 477 480 480 480 480 481 481 476 481 481 477 480 480 479 480 
481 480 480 478 481 481 481 478 479 480 481 480 479 479 481 480 
481 477 480 481 481 481 480 481 477 481 477 477 480 481 480 481 
480 480 481 479 477 480 481 479 480 480 481 480 480 480 481 480 
481 478 481 480 481 481 481 481 477 481 477 478 481 480 480 481 
481 480 480 479 477 481 481 479 480 481 480 481 480 480 481 481 
481 478 481 481 481 481 479 481 478 480 478 478 481 481 481 481 
479 480 481 480 478 480 481 480 481 480 480 481 481 481 481 479 
481 479 481 479 481 481 480 481 478 480 478 479 481 480 481 481 
443 481 479 481 478 480 478 478 481 481 481 481 479 481 481 480 
479 479 481 480 477 481 480 481 480 481 481 479 481 479 477 481 
480 481 480 481 479 480 478 479 481 481 478 481 480 481 480 480 
479 480 480 480 477 481 481 477 481 476 481 480 481 479 477 481 
481 481 480 481 479 481 479 479 481 481 479 480 480 481 480 481 
480 480 480 481 478 481 480 477 481 477 481 480 481 480 478 481 
476 481 481 477 480 480 479 480 481 480 479 480 481 481 481 480 
480 481 481 481 478 481 481 478 481 477 481 481 480 480 478 481 
477 481 477 477 480 481 480 480 481 480 480 481 480 481 481 481 
481 480 481 481 479 480 479 478 481 478 481 480 480 481 481 481 
477 481 477 478 481 480 480 481 481 481 480 481 481 481 481 479 
481 481 480 481 479 480 480 479 481 478 481 481 481 478 481 481 
478 480 478 478 481 481 481 480 481 481 481 480 478 481 481 480 
477 480 480 481 480 481 480 479 481 479 477 480 481 407 480 481 
479 480 480 479 481 478 481 481 481 479 479 480 481 480 480 479 
481 480 481 478 480 481 481 481 481 480 477 481 477 481 480 481 
480 481 481 479 481 479 477 480 481 479 480 481 480 480 480 480 
481 480 481 478 481 481 480 481 481 481 478 479 477 481 481 477 
480 481 481 480 481 479 477 481 481 480 480 481 480 481 481 480 
481 481 481 479 480 481 481 481 480 480 478 480 478 481 480 477 
481 477 481 480 481 480 478 481 480 480 481 481 481 480 481 481 
481 479 481 479 481 480 481 480 480 481 479 480 478 481 481 478 
480 477 481 481 480 480 478 481 481 481 480 481 481 481 480 476 
481 480 480 480 480 480 481 481 481 476 479 459 479 480 479 479 
481 480 481 480 480 481 86 350 480 479 481 87 348 88 353 481 
478 481 481 481 88 350 480 481 480 88 
WRDATA - TR:6 SEC: 7 Len:1186
138 89 354 478 481 480 480 481 481 481 86 349 481 481 481 481 
481 480 481 88 349 481 481 480 481 481 481 480 89 351 481 481 
481 480 481 481 481 88 349 480 480 481 441 478 480 481 481 481 
480 480 478 480 478 479 88 351 89 354 481 481 481 479 89 351 
89 353 480 481 479 88 346 88 355 478 481 480 88 347 87 355 
84 355 481 480 89 351 85 355 88 354 88 353 87 353 89 354 
88 354 88 355 87 354 89 354 481 85 344 88 355 88 355 88 
353 477 88 352 87 355 88 354 481 89 349 84 355 87 355 86 
353 481 89 352 481 481 478 481 481 88 348 477 88 351 479 480 
480 480 480 480 481 478 481 88 347 480 88 350 86 355 481 476 
88 351 480 480 480 88 348 481 480 481 480 480 479 480 87 350 
481 477 481 88 349 481 479 87 343 478 481 88 348 481 480 480 
480 88 348 480 480 481 87 349 481 88 349 480 89 352 480 481 
87 350 89 354 481 481 481 84 345 480 478 88 348 85 354 480 
480 481 88 351 481 480 89 352 88 352 88 355 87 355 478 481 
89 352 479 481 480 87 347 480 477 481 480 481 480 481 481 479 
481 479 481 480 480 481 480 481 479 480 478 479 481 481 478 481 
480 481 480 480 479 480 480 480 477 481 481 477 481 476 481 480 
481 479 481 480 481 481 481 476 479 481 479 479 481 481 479 480 
480 481 480 481 480 480 480 481 478 481 480 477 481 477 481 480 
481 406 481 481 477 481 481 477 481 476 481 480 481 480 477 481 
481 480 481 480 480 481 481 481 480 481 481 479 481 479 481 481 
480 481 480 481 478 481 481 477 481 477 481 480 481 480 478 481 
481 480 481 481 481 480 481 481 481 480 479 479 481 480 481 480 
480 481 481 481 478 481 481 478 481 477 481 481 480 481 478 481 
481 481 481 478 481 481 480 477 479 480 480 480 481 480 481 481 
481 481 479 481 479 480 480 478 481 478 481 480 480 481 479 480 
481 479 481 479 481 479 480 477 480 481 481 480 481 481 477 480 
481 481 480 481 479 480 480 479 481 478 481 481 481 479 479 480 
481 480 480 479 481 480 481 478 480 481 481 481 481 480 477 458 
477 480 480 477 480 481 481 480 481 481 477 481 476 477 480 481 
480 480 481 480 480 481 480 481 481 481 481 480 481 481 479 479 
481 480 481 478 481 480 481 481 481 480 477 481 477 478 480 481 
480 481 481 480 480 481 481 481 480 481 481 481 480 480 479 480 
481 481 480 478 481 481 481 480 481 481 478 480 477 478 481 481 
481 480 481 481 481 480 478 481 481 480 477 480 480 481 481 480 
481 481 481 479 481 479 481 481 480 480 478 480 478 479 480 481 
481 481 480 480 481 480 479 480 479 480 477 481 481 476 481 481 
481 480 479 479 481 480 481 480 480 481 479 481 478 479 481 481 
479 479 480 481 480 481 479 480 480 481 478 480 481 481 480 477 
479 480 480 480 481 480 481 481 481 476 479 481 479 480 481 479 
479 480 481 480 480 481 480 481 480 481 478 481 481 479 480 477 
480 481 480 480 481 481 477 480 481 477 480 481 479 480 481 480 
480 480 481 481 481 481 480 481 481 481 479 479 427 480 481 481 
480 481 480 481 481 480 478 481 481 478 480 477 481 481 480 480 
478 481 481 480 481 481 481 481 480 476 481 480 480 480 481 481 
481 481 480 481 481 481 479 479 481 478 481 478 480 481 480 481 
479 479 481 481 481 479 480 481 480 477 480 480 480 481 481 481 
480 481 481 481 480 480 479 480 480 479 480 478 481 481 481 478 
479 480 481 480 479 479 481 480 481 477 480 481 481 479 481 481 
481 480 477 480 480 481 480 480 480 479 481 479 476 481 481 479 
480 480 481 480 480 480 480 480 481 478 481 480 481 480 479 480 
479 480 477 481 481 476 480 481 481 480 480 479 477 481 481 479 
480 481 480 481 480 480 481 481 481 478 476 481 480 481 479 480 
480 481 478 480 481 477 481 476 481 480 481 480 478 480 481 480 
481 480 480 481 481 481 480 481 481 479 481 480 480 481 480 481 
480 481 478 481 481 477 481 477 481 481 479 480 478 481 481 480 
481 481 481 481 479 481 481 480 480 393 481 480 481 481 480 481 
481 481 481 479 481 479 481 480 480 481 480 481 479 480 478 479 
481 480 481 481 480 481 480 480 479 481 481 480 481 481 481 481 
479 481 481 480 480 479 481 480 481 481 480 481 479 481 479 479 
481 481 479 480 480 481 480 481 480 479 481 481 481 479 480 481 
480 477 480 480 480 480 481 481 476 481 481 477 480 480 479 480 
481 480 479 480 481 481 481 480 479 480 481 479 481 479 481 480 
481 477 480 481 481 480 481 481 477 481 476 477 480 481 480 480 
481 480 480 481 480 481 481 481 480 480 481 480 480 480 480 480 
481 478 481 480 481 481 481 481 477 481 477 478 481 480 480 481 
481 481 480 481 481 481 481 444 480 481 480 480 481 480 480 481 
481 480 481 481 481 480 481 481 479 480 480 478 481 478 481 480 
480 481 479 480 480 481 481 478 481 480 480 481 481 481 480 481 
481 481 481 479 481 481 480 481 479 480 480 479 481 478 481 481 
481 479 479 480 481 480 480 478 481 481 481 481 479 481 481 480 
479 479 481 480 477 481 480 481 480 481 481 479 481 479 477 480 
481 479 480 481 480 88 348 478 88 352 481 480 481 481 481 87 
348 480 
