WRDATA - TR:0 SEC: 0 Len:1311
008C 0058 0162 01E0 01DD 01E1 01DE 01DF 01E1 01E1 0056 015D 01E0 01E1 01DF 01E1 
01DF 01DF 01E1 0056 015A 01E1 01E1 01E0 01E1 01E1 01DF 01E0 0057 015E 01E1 01E1 
01E1 01E1 01DF 01E1 01DF 0057 0158 01DF 01E0 01E1 01E1 01E1 01E0 01E0 01DF 01E0 
01E0 01DF 01E0 01DE 01E1 01E1 0058 0160 0058 0162 01DF 01E1 01E1 01E0 0058 015F 
0057 0161 01E1 01E1 01DD 0059 015D 0055 0162 01E0 01DF 01DF 0059 0160 0059 0162 
0057 0162 01E1 01DF 0059 0160 0059 0162 0058 0161 0058 0163 0055 0162 0059 0161 
0058 0160 0056 0163 0058 0163 0058 0161 01E1 01E1 0058 015F 01E1 0058 015B 01DF 
0058 015F 01E1 01E1 01E0 01E1 0055 015C 0058 0163 0057 0160 01DE 0057 015B 01E0 
01DD 0058 015D 01DC 01E1 0058 015C 01E1 01DF 01E0 01DE 0056 015B 01DE 01E1 01E0 
0058 015B 0194 0057 0162 01E1 0058 015E 01E0 01E1 0057 015B 0057 0163 01DC 01E1 
01E1 0054 0159 01E1 01E0 0058 015C 0057 0163 01E1 01E0 01E1 0057 015E 01DE 01DF 
0058 015F 0059 0161 0059 0162 0055 0163 01E1 01DE 0059 0160 01E0 01E1 01E1 01DF 
01E1 01E1 01DF 0057 015B 01DE 01DF 01E1 01DF 01E0 01E0 01E1 0056 015D 01E1 01DD 
01DF 01E1 01DF 01E0 01E1 01DF 01DF 01E0 01E1 01E1 0058 015F 01E1 01E0 01E1 01E0 
01DF 01E0 01E1 01E1 0058 0160 0056 015F 0059 0162 01E1 0058 015D 01E1 01DF 0059 
015D 01E1 0058 015F 0058 0160 0057 0161 0059 0162 01E1 0057 015B 01DE 0057 015E 
0058 0162 0058 0162 0058 0163 0057 0161 01E1 01E1 0058 015E 01E1 0058 015C 0058 
015E 0059 0161 0057 0160 01E1 0057 015E 01E0 01E1 0058 0160 01E1 0055 0157 01E1 
0058 015F 01E1 01E1 01E0 01E1 0058 0160 0057 0160 0058 0163 01DD 0058 015B 01E1 
01E0 0058 015D 01DF 01E1 01DF 0054 015C 0058 0163 0057 0161 01E1 0056 015B 01DE 
01E0 0059 015D 01E0 01E1 01E0 01DF 0058 015B 01DF 01E0 0058 015D 0057 0162 0058 
0162 0059 015F 01E1 0057 015F 01DF 0059 015C 01E1 01E1 0058 015C 0058 0162 01E1 
0059 015F 01E1 0058 015B 01E0 0059 015F 01DD 01E1 01E1 01DD 0059 0160 01E1 01C7 
01E1 01DF 01E1 01E1 01DF 0057 015B 01DE 01DF 01E1 01DF 01E0 01E0 01E1 0056 015D 
01E1 01DD 01DF 01E1 01DF 01E0 01E1 01DF 01DF 01E0 01E1 01E1 0058 015F 01E1 01E0 
01E1 01DF 01E1 01DE 01E1 0058 015D 0058 0162 0059 0161 0058 0162 01DD 0058 0160 
01E0 01E0 0059 0160 01E1 0057 015B 0058 0162 0058 0162 0057 0161 01E1 0058 015C 
01DF 0058 015C 01E1 01E1 01DF 01E0 01E1 0058 015F 01E1 0057 015C 01DE 01E1 01DE 
0058 0160 0057 0163 0058 0162 0059 0162 01E0 0058 015D 01E0 0056 015B 01E1 0057 
015C 01E1 01E0 01DC 01E1 0057 015C 0058 0161 0058 0163 01E0 0059 015F 01E1 01E1 
0058 015E 01E0 0059 015D 01E0 01E1 0058 015C 0059 0162 01E1 0057 015F 01DF 01DF 
0059 015F 0059 0161 0057 0162 01E1 01E0 0056 015D 01E1 01E1 01E1 01E0 01E0 0059 
015D 01E0 0057 015E 01E0 01DD 0058 015F 01E1 0058 015D 0058 0162 01E1 0059 0160 
01DF 01E1 01E0 0057 015B 01E0 0054 015C 01E0 01E0 0059 00FB 01DD 01E1 01E1 01DD 
01E1 01DD 01E1 0058 015D 01E0 01DE 01E1 01E1 01DE 01E0 01DD 0058 0160 01E1 01E1 
01DE 01E1 01E1 01DE 01E0 01DD 01E1 01E1 01E0 0058 015A 0059 0161 01DE 01E1 01DF 
01DF 0058 015C 01DF 0058 0160 0058 0162 0057 0162 0056 015E 0059 0162 01E1 0058 
015B 01E0 01E1 0058 015A 01E1 0058 015F 0058 0162 0059 015F 0059 0162 01DD 0057 
015B 01E0 0057 015E 01DE 01DF 01E1 01DE 01E1 01E1 01E1 0056 015A 01E0 01E1 0058 
015C 01E1 01E1 0058 015A 0058 0162 01E1 0055 015D 01E1 0058 015C 01E0 0056 015C 
01E1 01E1 01DC 01E1 0058 015C 0057 0163 0056 0163 01E0 0056 0158 01E1 01E0 0058 
0158 01E1 01E1 01E1 01E1 01DF 0059 015C 01E1 01A4 0058 0163 01DD 01E0 01E1 01DE 
01E1 01E0 01E1 0059 015D 01E1 01E1 01E0 01E1 01DE 01E1 01E1 0058 015F 01E0 01E0 
01E1 01E1 01E0 01DE 01E1 0058 015C 01E1 01E0 01E0 01E1 01E1 01E1 01DD 0058 015F 
01E1 01E1 01E1 01E0 01DD 01E1 01DD 0055 015A 01DC 01E1 01E1 01E1 01E1 01DD 01E1 
0054 015A 01E1 01E0 01E1 01E1 01E1 01E1 01DD 01E1 01DD 01DE 0058 0160 0058 0161 
01E0 01E0 01E1 01E1 01DE 0059 015C 0059 0162 01E0 0057 015F 01E0 01E1 01E1 01E1 
01E0 01DC 01E1 01E0 01E0 01E0 01E0 01E0 01E1 01E1 01E1 01DC 01DF 01E1 01DF 01E0 
01E0 01E1 01DF 01E0 01E1 01E0 01E0 01E1 01DF 01E0 01E0 01E1 01E1 01DF 01E0 01E1 
01E0 01DD 01E0 01E0 01E0 01E0 01E1 01E1 01DC 01E1 01E1 01DD 01E0 01E0 01DF 01E0 
01E1 01E0 01DF 01E0 01E1 01E1 01E1 01DE 01DF 01E0 01E1 01E0 01DF 01DF 01E1 01E0 
01E1 01DD 01E0 01E1 01E1 01E1 01E0 01E1 01DD 01E1 01DD 01DD 01E0 01E1 01E0 01E1 
01E0 01E0 01E0 01D7 01DD 01E0 01E1 01DD 01E0 01E1 01DF 01E0 01E1 01E0 01DF 01E0 
01E1 01E1 01E1 01E0 01E0 01E1 01E1 01E1 01DE 01E1 01E1 01DE 01E1 01DD 01E1 01E1 
01E0 01E1 01DE 01E1 01DD 01E1 01DD 01DD 01E0 01E1 01E0 01E1 01E0 01E0 01E0 01E1 
01E1 01E0 01E1 01E1 01E1 01E1 01DF 01E1 01DF 01E0 01E0 01DE 01E1 01DE 01E1 01E1 
01E0 01E1 0183 01E1 01DF 01DF 01E1 01DE 01E1 01DE 01E0 01E1 01E0 01E1 01DE 01E1 
01E1 01E1 01E1 01DE 01E1 01E1 01E0 01DD 01DF 01E0 01E0 01E0 01E1 01E0 01E1 01E1 
01E1 01DD 01DF 01E1 01DF 01E0 01E0 01DE 01E1 01DE 01E1 01E1 01E0 01E1 01DF 01E0 
01E1 01DF 01E1 01DF 01E1 01E0 01E0 01DD 01E0 01E1 01E1 01E0 01E1 01E1 01DD 01E1 
01DC 01DD 01E0 01E1 01DF 01E0 01E0 01DF 01E1 01DE 01E1 01E1 01E1 01DF 01DF 01E0 
01E1 01E0 01E0 01DF 01E1 01E0 01E1 01DE 01E0 01E1 01E1 01E1 01E1 01E0 01DD 01E1 
01DD 01E1 01E0 01E1 01E0 01E1 01E1 01DF 01E1 01DF 01DD 01E1 01E0 01DF 01E0 01E1 
01E0 01E0 01E0 01E0 01E1 01E1 01E0 01DE 01E1 01E1 01E1 01E0 01E1 01E1 01DE 01DF 
01DD 01E1 01E1 01DD 01E0 01E1 01E1 01E0 01E1 01DF 01DD 01E1 01E1 01E0 01E0 01E1 
01E0 01E1 01E1 01E0 01E1 01E1 01E1 01DF 01E0 01E1 01E1 01E1 01E0 01E0 01DE 01E0 
01B6 01E1 01E0 01DE 01E1 01E1 01E1 01E0 01E1 01E1 01DE 01E0 01DD 01DE 01E1 01E1 
01E1 01E0 01E1 01E1 01E1 01E0 01DE 01E1 01E1 01E0 01DD 01E0 01E0 01E1 01E0 01E0 
01E1 01E1 01E1 01DF 01E0 01E1 01E1 01E1 01E0 01E0 01DE 01E0 01DE 01DF 01E0 01E1 
01E1 01E1 01E0 01E0 01E1 01E0 01DF 01E0 01DF 01E0 01DD 01E1 01E1 01DC 01E0 01E1 
01E1 01E0 01DF 01DF 01E1 01E0 01E1 01E0 01E0 01E1 01DF 01E1 01DE 01DF 01E1 01E1 
01DF 01DF 01E0 01E1 01E0 01E1 01DF 01E0 01E0 01E1 01DD 01E1 01E1 01DD 01E1 01DC 
01E1 01E0 01E0 01E0 01E0 01E0 01E1 01E1 01E1 01DC 01DF 01E1 01DF 01E0 01E0 01E1 
01DF 01E0 01E1 01E0 01E0 01E1 01E0 01E1 01E0 01E1 01DE 01E1 01E1 01DD 01E1 01DD 
01E0 01E1 01E0 01E0 01E1 01E1 01DD 01E0 01E1 01DD 01E0 01E1 01DF 01E0 01E1 01E0 
01E0 01E0 01E1 01E1 01E1 01E0 01E0 01E1 01E1 01E1 01DE 01E1 01E1 01DE 01E1 01DD 
01E0 01E1 01E1 01E1 01E0 01E1 01DD 01E1 01DD 01DD 01E0 01E1 01E0 01E1 01E0 01E0 
01E0 01E1 01E1 01E0 01E1 01E1 01E1 01E1 01DF 01E1 01DF 01E0 01E0 01DE 01E1 01DE 
01E1 01E1 01E0 01E1 01E1 01E1 01DE 01DF 01DD 01DE 01E1 01E1 01E0 01E1 01E1 01E1 
01E1 01DF 01E1 01E1 01E1 01DF 01E1 01E1 01E0 01E1 01DF 01E0 01E0 0194 01E1 01E0 
01E1 01E1 01E1 01E1 01DF 01E1 01DF 01E0 01E0 01DE 01E1 01DE 0058 015C 0057 0162 
01E0 01E1 0059 015E 01E1 01E1 01E0 01E1 01E1 01E1 0058 015F 01E0 01DE 01E1 
WRDATA - TR:6 SEC: 7 Len:1185
0108 0162 01E1 01E0 01E1 01E0 01DF 01DF 01E1 0057 015B 01E1 01DF 01E0 01E1 01E0 
01E0 01DF 0059 0160 01E0 01DF 01E0 01E0 01E1 01E0 01E0 0057 0158 01DF 01E1 01DF 
01E0 01E1 01DF 01E0 0057 015E 01DF 01E0 01E0 01E1 01E0 01E1 01DF 01E0 01DE 01DF 
01E1 01E0 01E1 01E1 01E0 0058 015D 0057 0163 01DE 01E1 01E0 01E1 0058 015C 0059 
0162 01E1 01E1 01E1 0058 015E 0058 0162 01E1 01E1 01DF 0057 0157 0059 015F 0059 
0162 01E0 01DF 0057 015B 0059 0162 0059 015F 0058 0162 0058 0161 0055 0161 0059 
0162 0057 0163 0056 0163 0058 0162 01E0 0057 015E 0056 0162 0058 0162 0058 0161 
01DF 0059 015D 0058 0163 0058 0160 01E1 0058 015F 0059 0162 0058 0162 0058 0163 
01E0 0058 015C 01E1 01E1 01DE 01E1 01E0 0058 015D 01E1 0058 015D 01E0 01E1 01DE 
01E1 01E1 01E0 01E1 01E1 01E1 0055 015D 01E0 0056 015A 0059 0162 01E0 01E1 0057 
0159 01E1 01E1 01DD 0058 0160 01E0 01E0 01E0 01E1 01DE 01D9 01E1 0059 015C 01E1 
01DF 01E0 0056 015B 01E1 01E0 0058 015C 01DF 01E1 0059 015F 01E1 01E1 01E0 01E1 
0058 0160 01E1 01E1 01DE 0059 015C 01DE 0058 0160 01E1 0058 015C 01E0 01E0 0058 
015C 0057 0162 01DC 01E1 01E0 0056 015A 01E1 01E0 0059 015E 0057 0163 01DF 01DF 
01E1 0057 015B 01E1 01E1 0058 015B 0058 0162 0059 0161 0055 0163 01E1 01DF 0058 
015C 01DF 01DD 01E1 0054 0159 01E0 01E1 01E1 01E1 01E0 01E1 01DD 01E1 018C 01E0 
01E0 01DD 01E0 01E1 01E0 01E0 01E1 01E1 01DD 01E0 01E1 01DD 01E0 01E1 01DF 01E0 
01E1 01E0 01E0 01E0 01E1 01E1 01E1 01E1 01E0 01E1 01E1 01E1 01DF 01DF 01E1 01E0 
01E1 01DD 01E0 01E1 01E1 01E1 01E0 01E1 01DD 01E1 01DD 01DD 01E0 01E1 01E0 01E1 
01E0 01E0 01E0 01E1 01E1 01E0 01E1 01E1 01E1 01E1 01DF 01E1 01DF 01E0 01E1 01E0 
01E1 01DE 01E1 01E1 01E0 01E1 01E1 01E1 01DE 01DF 01DD 01DE 01E1 01E1 01E0 01E1 
01E1 01E1 01E1 01DF 01E1 01E1 01E1 01DF 01E1 01E1 01E0 01E1 01E0 01E0 01E1 01E1 
01E1 01DE 01E1 01E1 01E1 01E1 01DF 01E1 01DE 01E0 01DE 01DE 01E1 01E1 01E1 01E1 
01DF 01E1 01E1 01E0 01DF 01DF 01E1 01E0 01DD 01E1 01E0 01E1 01E0 01E1 01E1 01DF 
01E1 01DF 01E1 01E0 01E0 01E1 01E0 01E1 01DF 01E0 01DE 01DF 01E1 01E1 01DE 01E1 
01E0 01E1 01E0 01E0 01DF 01E0 01E0 01E0 01DD 01E1 01E1 01DD 01BD 01DC 01E1 01E0 
01DF 01DF 01E1 01E0 01DD 01E1 01E0 01E1 01E0 01E1 01E1 01DF 01E1 01DF 01DD 01E1 
01E0 01DF 01E0 01E1 01E0 01E0 01E0 01E0 01E1 01E1 01E0 01DE 01E0 01E1 01E0 01E0 
01DF 01E0 01E0 01E1 01DD 01E1 01E1 01DD 01E1 01DC 01E1 01E0 01E1 01E0 01DD 01E1 
01E1 01E0 01E1 01E0 01E0 01E1 01E1 01E0 01E1 01E1 01E1 01DF 01E0 01E1 01E0 01E1 
01E0 01E0 01E0 01E1 01DE 01E1 01E0 01DD 01E1 01DD 01E1 01E0 01E1 01E0 01DE 01E1 
01E0 01E0 01E1 01E1 01E1 01E0 01E1 01E1 01E1 01E0 01DF 01E0 01E1 01E1 01E1 01E0 
01E0 01E1 01E1 01E1 01DE 01E1 01E1 01DE 01E1 01DD 01E1 01E1 01E0 01E1 01DE 01E1 
01E1 01E1 01E1 01DE 01E1 01E1 01E0 01DC 01E1 01E0 01E0 01E1 01E0 01E1 01E1 01E1 
01E1 01E0 01E1 01E1 01DF 01E0 01DF 01DE 01E1 01DE 01E1 01E0 01E0 01E1 01DF 01E0 
01E0 01E1 01E1 01DF 01E1 01DF 01E0 01DD 01E0 01E1 01E0 01E1 01E1 01E1 01E1 01DF 
01E1 01E1 01E0 01E1 01DF 01E0 01E0 01DF 01E1 01DE 01E1 01E1 01E1 01DE 01DF 01E0 
01E1 01E0 01E0 01DF 01E1 01E0 01E1 01DD 01E0 01E1 01E1 01E0 01DE 01E1 01E1 01E0 
01DD 01E0 01E0 01E1 01E0 01E1 01E0 01DF 01E1 01DF 01DD 01E0 01E1 01DF 01E0 01E1 
01DF 01E0 01E0 01E0 01E1 01E0 01E1 01DE 01E1 019C 01DF 01E0 01E1 01E0 01E0 01DF 
01E1 01E0 01E1 01DE 01E0 01E1 01E1 01E1 01E1 01E0 01DD 01E1 01DD 01DD 01E0 01E1 
01E0 01E1 01E1 01E0 01E0 01E1 01E1 01E0 01E1 01DF 01E0 01E1 01DF 01E0 01E0 01E0 
01E1 01E0 01E1 01DE 01E1 01E1 01E0 01E1 01E1 01E1 01DE 01DF 01DD 01DE 01E1 01E1 
01E0 01E1 01E1 01E1 01E1 01DF 01E1 01E1 01E1 01E0 01E0 01E1 01E0 01E1 01E1 01E0 
01E1 01E1 01E1 01DE 01E1 01E1 01E1 01E1 01E0 01E0 01DE 01E0 01DE 01DE 01E1 01E1 
01E1 01E1 01DF 01E1 01E1 01E0 01DF 01DF 01E1 01E0 01E1 01E1 01E0 01E1 01E1 01E1 
01E1 01DF 01E1 01DF 01E1 01E0 01E0 01E1 01E0 01E1 01DF 01E0 01DE 01DF 01E1 01E1 
01DE 01E1 01E0 01E1 01E0 01E0 01DF 01E0 01E1 01E1 01E0 01E1 01E1 01E1 01E0 01DC 
01E1 01E0 01E0 01DF 01E1 01E0 01E1 01E1 01E1 01DC 01DF 01E1 01DF 01DF 01E1 01E1 
01DF 01E0 01E0 01E1 01E0 01E1 01E0 01CC 01E1 01DF 01E1 01E1 01DE 01E1 01E0 01E1 
01E0 01E0 01DF 01E0 01E0 01E1 01DD 01E1 01E1 01DD 01E1 01DC 01E1 01E0 01E1 01E0 
01DD 01E1 01E1 01E0 01E1 01E0 01E0 01E1 01E1 01E1 01DD 01E1 01DD 01DE 01E1 01E0 
01E0 01E1 01E1 01E0 01E0 01E1 01E1 01E1 01E0 01E1 01E1 01E1 01E0 01E0 01DF 01E0 
01E0 01DF 01E0 01DE 01E1 01E1 01E1 01E0 01E1 01E1 01DE 01E0 01DD 01DE 01E1 01E1 
01E1 01E0 01E1 01E1 01E1 01E0 01DE 01E1 01E1 01E0 01DD 01E0 01E0 01E1 01E0 01E1 
01E0 01DF 01E1 01DF 01DD 01E0 01E1 01E1 01E0 01E1 01DE 01E0 01DE 01DF 01E1 01E0 
01E1 01E1 01E0 01E0 01E1 01E0 01DF 01E0 01DF 01E0 01DD 01E1 01E1 01DC 01E0 01E1 
01E1 01E0 01E0 01DF 01DD 01E1 01E1 01E0 01E0 01E1 01DF 01E1 01DE 01DF 01E1 01E1 
01DF 01DF 01E0 01E1 01E0 01E1 01DF 01E0 01E0 01E1 01DE 01E0 01E1 01DD 01E1 01DD 
01E0 01E0 01E1 01E0 01DE 01E0 01E1 01E1 01E1 01DC 01DF 01E1 01DF 01E0 01E1 01DF 
01DF 01E0 01E1 01E0 01E0 01E1 01E0 01E1 01E0 01E1 01DE 01E1 01E1 01DD 01E1 01DD 
01E1 01E1 01DF 01E0 01DE 01E1 01DD 01E0 01E1 01DD 01E0 01E1 01DF 01E0 01E1 01E0 
01E0 01E0 01E1 01E1 01E1 01E1 01E0 01E1 01E1 01E1 01DF 01DF 01E1 01DE 01E1 01DE 
01E0 01E1 01E0 01E1 01A8 01E0 01DE 01E1 01E1 01DD 01E1 01DD 01E1 01E1 01DF 01E0 
01DE 01E1 01E1 01E0 01E1 01E1 01E1 01E1 01DF 01E1 01E1 01E0 01E0 01DF 01E1 01E0 
01E1 01E1 01E0 01E1 01E1 01E1 01DF 01DF 01E1 01DE 01E1 01DE 01E0 01E1 01E0 01E1 
01DF 01DF 01E1 01E1 01E1 01DF 01E0 01E1 01E0 01DD 01E0 01E0 01E0 01E0 01E1 01E0 
01E1 01E1 01E1 01DD 01E0 01E0 01DF 01E0 01E0 01DE 01E1 01DE 01E1 01E1 01E0 01E1 
01DF 01E0 01E1 01DF 01E1 01DF 01E1 01E0 01E0 01DD 01E0 01E1 01E1 01E0 01E1 01E1 
01DD 01E1 01DC 01E1 01E0 01E1 01E0 01E0 01E0 01DF 01E1 01DF 01DC 01E1 01E1 01DF 
01E0 01E0 01E1 01E0 01E0 01E0 01E0 01E0 01E1 01DE 01E1 01E0 01E1 01E1 01E1 01E0 
01DD 01E1 01DD 01E1 01E1 01DC 01E0 01E1 01E1 01DF 01E1 01DF 01DD 01E1 01E0 01DF 
01E0 01E1 01E0 01E0 01E0 01E0 01E1 01E1 01E0 01DE 01E1 01E1 01E1 01E0 01E1 01E1 
01DE 01E0 01DC 01E1 0059 0160 01E0 0058 015D 01DF 01E1 01E1 01DF 01E0 0058 015F 
01DF 
